  0.000000 
  0.000100 
  0.000603 
  0.003109 
  0.015525 
  0.074830 
  0.322335 
  0.141073 
 -0.405495 
 -0.448953 
 -0.855386 
 -0.986947 
 -0.626824 
 -0.612104 
 -0.432817 
  0.279509 
  0.055799 
 -0.532952 
 -0.940602 
 -0.416402 
 -0.272456 
  0.404770 
 -0.087416 
 -0.511309 
 -0.323133 
  0.029949 
 -0.160127 
 -0.132648 
  0.182155 
  0.399670 
  0.131425 
  1.277147 
  1.141896 
  0.667693 
 -0.147077 
  0.527408 
 -0.228125 
 -0.078145 
 -0.269756 
  0.733662 
  0.838440 
 -0.022942 
 -0.373359 
 -0.032281 
 -0.198676 
  0.572555 
  0.036114 
  0.775589 
  0.644760 
  0.302698 
 -0.548637 
 -0.352475 
 -0.446860 
 -0.459611 
 -0.051039 
  0.304073 
  0.331922 
 -0.207851 
 -0.727884 
 -0.579833 
 -1.006174 
 -0.689576 
 -1.091971 
 -0.906673 
 -0.247181 
 -1.237240 
 -0.598861 
 -0.131817 
 -0.354262 
 -0.951144 
 -0.641454 
  0.137515 
  0.133742 
 -0.378225 
 -0.123905 
 -0.282504 
 -0.603519 
 -0.094124 
  0.500741 
  0.150490 
 -0.423675 
  0.146670 
  0.559481 
  0.295043 
  0.687036 
  0.075302 
  0.443146 
  0.368508 
  0.413891 
  0.478803 
 -0.371432 
  0.674384 
  0.554956 
 -0.090885 
 -0.041034 
 -0.416292 
 -0.119558 
 -0.181219 
  0.299687 
  0.658227 
  1.222835 
  0.438611 
  0.796296 
  0.859012 
 -0.246283 
 -0.316618 
