  0.000000  
  0.000100  
  0.000601  
  0.003054  
  0.014204  
  0.030792  
 -0.011905  
 -0.176700  
 -0.630192  
 -0.343064  
 -0.750908  
  0.253935  
  0.159729  
  0.901711  
  0.713102  
  0.567295  
  0.077714  
  0.012636  
  0.422247  
  0.284177  
 -0.029082  
  0.301966  
 -0.520910  
 -0.129902  
 -0.343702  
  0.845528  
  1.074241  
  0.063919  
  0.303485  
 -0.175313  
  0.142039  
 -0.596821  
 -0.551811  
 -0.225913  
 -0.466735  
 -0.485765  
  0.208577  
  0.720857  
  1.151228  
  0.759488  
  1.067900  
 -0.013558  
  0.035304  
  0.424691  
  0.442126  
  0.208380  
  0.035008  
 -0.057302  
 -0.150900  
 -0.478384  
  0.095793  
  0.201885  
  0.502416  
  0.198845  
  0.587633  
  0.822938  
  1.005622  
  0.140196  
  0.472569  
  0.420221  
  0.306608  
  0.664343  
  0.276276  
 -0.315327  
 -0.508228  
 -0.514179  
 -0.267037  
  0.264901  
  0.033674  
  0.626169  
  0.073221  
 -0.374588  
 -0.335941  
  0.732089  
  0.327250  
 -0.004989  
  0.254510  
  0.452480  
  0.226226  
 -0.386479  
 -0.314935  
 -0.117609  
  0.414460  
 -0.338661  
 -0.027446  
 -0.089581  
 -0.189516  
 -0.014801  
  0.106407  
 -0.676903  
 -0.392750  
 -0.422026  
  0.101137  
 -0.152070  
  0.025618  
  0.263501  
  0.426261  
  0.590003  
 -0.082474  
  0.382242  
