 -0.337472 
 -0.264759 
 -0.147575 
  0.124392 
  0.295678 
  0.285065 
  0.244022 
  0.196294 
 -0.115063 
 -0.592011 
 -0.332186 
 -0.335455 
 -0.270138 
 -0.276405 
 -0.435691 
  0.924407 
  0.265959 
  0.938362 
  0.459433 
  0.025997 
 -0.143549 
  0.375172 
  0.002726 
  0.833794 
  0.910442 
  0.586126 
  0.590357 
  0.146673 
  0.922100 
  1.776030 
  1.764775 
  1.116022 
  1.003852 
  0.521593 
 -0.134775 
 -0.543084 
  0.345225 
  0.118627 
  0.249283 
  0.732721 
  0.793981 
  0.753711 
  0.202424 
  0.027164 
 -0.105175 
  0.328982 
  0.315821 
  0.486504 
  0.682351 
  0.036690 
 -0.599961 
 -0.066932 
 -0.086185 
 -0.053772 
 -0.069395 
  0.188815 
  0.127833 
  0.364446 
  0.286069 
  0.182500 
 -0.295766 
 -0.369049 
 -0.704580 
 -0.484491 
 -0.148336 
  0.386915 
  0.669420 
  0.319915 
  0.399764 
  0.306013 
  0.153257 
  0.132822 
  0.686400 
 -0.123244 
  0.605043 
  1.151386 
  0.635888 
  0.334045 
  0.987762 
  0.842908 
  0.524286 
  0.075291 
  0.290580 
 -0.022986 
 -0.571198 
 -0.256563 
 -0.163318 
 -0.341441 
 -0.162957 
 -0.122623 
  0.092938 
  0.609394 
 -0.255891 
 -0.550215 
 -0.244105 
  0.533291 
  0.809050 
 -0.169865 
 -0.224947 
  0.080320 
  0.631116 
  0.162434 
  0.122422 
  0.252204 
  0.678337 
 -0.128352 
 -0.225494 
 -0.723257 
 -0.831085 
 -1.015565 
 -0.183714 
  0.098888 
  0.180467 
 -0.061045 
  0.677895 
  0.308287 
  0.684800 
 -0.555421 
 -0.155618 
 -0.012585 
  0.005380 
 -0.059588 
  0.814520 
  0.069478 
  0.396749 
  0.027456 
 -0.247675 
 -0.270450 
 -0.588986 
 -0.198796 
 -0.910818 
 -1.218383 
 -0.901863 
 -0.533974 
 -0.393296 
 -0.527629 
  0.154277 
  0.200822 
  0.425130 
  0.878371 
  0.766467 
 -0.077601 
 -0.538904 
 -0.569310 
 -0.254085 
 -0.602786 
  0.068557 
 -0.441043 
 -0.063798 
 -0.190113 
  0.237961 
 -0.377907 
 -0.575378 
 -0.478737 
 -0.055113 
  0.054688 
  0.224691 
 -0.134642 
  0.163562 
  0.364676 
  0.090239 
  0.875647 
  1.013389 
  0.483152 
 -0.314570 
  0.655824 
  0.349138 
  0.375874 
 -0.355399 
  0.255959 
  0.123394 
  0.013332 
 -0.396032 
 -0.213933 
  0.218986 
 -0.674640 
 -0.348253 
  0.228358 
 -0.184460 
  0.023008 
  0.202693 
  0.565253 
  0.748090 
  1.029315 
  0.840719 
  0.388035 
  0.198763 
 -0.308860 
  0.285862 
  0.510152 
  0.649575 
  0.371611 
  0.625223 
  0.487153 
  0.508936 
  0.801382 
  0.330661 
 -0.565830 
 -0.433473 
 -0.612127 
 -0.322017 
 -0.157940 
 -0.405875 
 -0.618758 
  0.391152 
  0.847858 
  0.337428 
 -0.092315 
  0.123088 
  0.430567 
 -0.296432 
 -0.599348 
  0.216861 
  0.674983 
 -0.189820 
  0.270312 
 -0.878444 
 -1.095755 
 -0.070633 
 -0.097337 
 -0.934195 
 -0.435301 
  0.523318 
  0.727397 
  0.404366 
 -0.281210 
 -0.405905 
  0.494304 
  0.150010 
 -0.560040 
 -0.938813 
 -0.546144 
  0.196439 
 -0.369534 
  0.007336 
 -0.546103 
  0.148839 
 -0.240599 
  0.396635 
  0.373514 
  0.422340 
 -0.045972 
  0.027738 
  0.221680 
  0.111508 
  0.015014 
 -0.092293 
 -0.367113 
 -0.234810 
 -0.650648 
 -0.166519 
  0.193950 
 -0.186433 
  0.007367 
 -0.260500 
  0.033126 
 -0.245998 
 -0.485785 
 -0.444244 
 -0.504491 
 -0.291122 
 -0.053009 
  0.130251 
 -0.264592 
 -0.870735 
 -0.221745 
 -0.095831 
 -0.265510 
  0.131409 
  0.163325 
 -0.288960 
  0.797804 
  0.578623 
  0.228262 
 -0.250450 
  0.400376 
  0.309251 
  0.682993 
  0.493479 
  0.723330 
  0.729968 
 -0.040480 
  0.348225 
  0.282248 
  0.092902 
  0.065404 
 -0.228318 
  0.274144 
  0.845094 
 -0.131563 
  0.481876 
 -0.022909 
 -0.389070 
 -0.528463 
 -0.757043 
 -1.092517 
 -0.607201 
 -0.901869 
 -0.465459 
  0.060571 
  0.150448 
 -0.362563 
 -0.236035 
  0.125255 
  0.007397 
  0.108681 
  0.257579 
  0.492531 
 -0.038866 
  0.578958 
  0.646711 
 -0.245353 
  0.141903 
  0.324930 
  0.028030 
  0.289215 
  0.921095 
  0.829724 
  1.235009 
  0.388758 
  0.725493 
  0.939251 
  0.573086 
  0.502631 
  0.583044 
  0.053132 
  0.654439 
 -0.037345 
  0.037188 
  0.023882 
 -0.023515 
  0.472605 
  0.172620 
  0.515334 
  0.117474 
  0.627143 
 -0.082866 
 -0.578594 
 -0.156298 
  0.381242 
  0.322972 
  0.377086 
  0.604127 
  0.672337 
  0.880128 
 -0.068591 
 -0.110644 
 -0.186233 
 -0.276561 
 -0.494205 
 -0.400270 
 -1.037083 
  0.050646 
 -0.181969 
  0.569517 
 -0.013633 
  0.014785 
  0.507925 
  0.037086 
  0.520151 
  0.929621 
  0.705347 
 -0.096602 
 -0.549162 
 -0.184276 
 -0.004481 
  0.058952 
  0.146315 
 -0.486578 
  0.175230 
 -0.091837 
 -0.146789 
 -0.921749 
 -0.686218 
 -0.972428 
 -0.736216 
 -0.322218 
 -0.383689 
 -0.217060 
 -0.248799 
  0.047126 
 -0.107096 
  0.099103 
 -0.006633 
  0.532505 
  0.425951 
  0.411094 
  0.295060 
 -0.365237 
  0.004064 
 -0.747089 
 -0.697266 
 -0.328813 
  0.781111 
  0.832020 
  0.622764 
  0.936166 
  0.486608 
  0.396147 
  0.343413 
  0.243064 
 -0.161229 
  0.196127 
 -0.317551 
  0.267549 
 -0.356724 
  0.255953 
  0.052800 
  0.323087 
  0.638396 
  0.058569 
  0.423262 
  0.449930 
  0.771516 
  0.830729 
  0.124298 
 -0.686589 
 -0.156015 
 -0.075418 
 -0.126178 
 -0.302751 
 -0.005559 
 -0.005279 
  0.503055 
  0.098199 
 -0.193118 
  0.278922 
 -0.382920 
  0.494854 
  0.504769 
  0.200555 
 -0.190572 
  0.729038 
  0.550042 
  0.836425 
  0.359303 
  0.226467 
 -0.194353 
  0.039852 
  0.211082 
  0.260143 
 -0.468643 
  0.402447 
  0.621383 
  0.631272 
  0.026940 
  0.627817 
  0.392055 
  0.026428 
 -0.101217 
 -0.589071 
 -0.596594 
 -0.464698 
 -0.420748 
 -0.619194 
 -0.058516 
  0.292372 
  0.616022 
  0.647878 
  0.275183 
  0.275874 
  0.993463 
  0.471950 
  0.492002 
 -0.364873 
 -0.110381 
  0.429439 
  0.312729 
  0.414320 
  0.630187 
  0.235490 
  0.416896 
  0.440575 
 -0.023808 
 -0.517412 
 -0.900285 
 -0.730636 
 -0.532127 
 -0.462382 
 -0.179756 
 -0.693520 
 -0.457956 
 -0.031329 
  0.296313 
  0.326574 
  0.237536 
  0.041577 
  0.302907 
  0.361215 
  0.082424 
  0.267916 
  0.964881 
  0.627317 
  0.389486 
  0.290495 
  0.199633 
 -0.102685 
  0.542873 
  0.118615 
 -0.399393 
 -1.057316 
 -1.225063 
 -0.871929 
 -0.056844 
  0.506803 
  0.141681 
 -0.542691 
 -0.529285 
 -0.371677 
 -0.603952 
 -0.417456 
 -0.173351 
  0.876224 
  0.585920 
  0.553848 
  0.462275 
  0.641435 
  0.047590 
 -0.117634 
 -0.313719 
 -0.222667 
 -0.241879 
 -0.379291 
  0.425559 
 -0.011377 
  0.187285 
 -0.262899 
 -0.370819 
 -0.212315 
 -0.343467 
 -0.444185 
 -0.335581 
 -0.459585 
  0.043411 
 -0.123378 
 -0.332986 
 -0.600876 
  0.291193 
 -0.609340 
 -0.599027 
 -0.472154 
 -0.421904 
  0.073406 
  0.685433 
 -0.070709 
  0.294793 
 -0.005452 
 -0.337787 
  0.209786 
  0.495630 
  0.501015 
  0.219983 
  1.027718 
  0.887753 
 -0.154318 
 -0.404409 
 -0.032716 
 -0.398834 
  0.629981 
  0.746445 
  0.452216 
  0.013540 
 -0.078432 
 -0.029194 
  0.172907 
  0.523734 
  0.252571 
  0.002305 
 -0.262969 
 -0.064476 
  0.256096 
  0.521167 
  0.427214 
 -0.263814 
  0.133886 
  0.059281 
  0.115911 
  0.008754 
  0.384432 
  0.477180 
  0.449418 
  0.797435 
  0.686045 
  1.471527 
  1.331975 
  1.004200 
  0.170591 
 -0.234832 
 -0.017482 
 -0.530703 
  0.221018 
  0.444922 
 -0.015825 
  0.739296 
  0.966606 
 -0.065052 
 -0.362296 
  0.039729 
  0.302918 
  0.359233 
  0.324352 
 -0.128055 
  0.155467 
 -0.131609 
 -0.241072 
 -0.313764 
  0.273689 
  0.338946 
 -0.249473 
 -0.346934 
 -1.062161 
 -0.501747 
 -0.261662 
 -0.713308 
 -0.424869 
 -0.281257 
 -0.085110 
 -0.275888 
 -0.373482 
 -0.699080 
  0.074247 
 -0.824093 
 -0.695418 
 -0.099065 
 -0.242043 
  0.041953 
  0.024153 
 -0.520051 
 -0.462131 
  0.263944 
  0.325064 
  0.643584 
  0.170249 
 -0.094273 
  0.668714 
  0.298164 
  0.643355 
  0.055944 
  0.396584 
  0.252289 
 -0.576242 
 -0.337519 
  0.301138 
  0.730148 
  0.434414 
 -0.105946 
 -0.531927 
  0.115628 
 -0.280937 
  0.718934 
  0.469779 
  0.051275 
  0.267544 
  0.570662 
  0.594941 
  0.587266 
 -0.288944 
 -0.134538 
 -0.444459 
 -0.850078 
 -1.182616 
 -0.518499 
 -0.859984 
 -0.230857 
 -0.227723 
  0.547277 
  0.918044 
  0.295330 
  0.213269 
  0.245100 
  0.258189 
 -0.317965 
  0.335761 
 -0.094742 
 -0.390216 
  0.099298 
  0.460048 
  0.846327 
  0.728212 
  0.503791 
  0.749759 
  0.502364 
  0.193964 
 -0.103336 
  0.094710 
  0.375311 
  0.220449 
 -0.115381 
  0.520579 
  0.194543 
 -0.087694 
  0.411454 
  0.081684 
 -0.485245 
 -0.306504 
 -0.182907 
  0.107123 
 -0.137663 
  0.244458 
  0.123467 
 -0.385160 
 -0.669610 
 -0.234743 
 -0.029855 
  0.794545 
  0.694984 
  0.095606 
  0.365812 
  0.082294 
 -0.331459 
 -0.093605 
 -0.012916 
  0.213966 
  0.196273 
 -0.222808 
 -0.096833 
  0.412069 
  0.519148 
  0.496480 
  0.247881 
  0.258204 
  0.356173 
  0.794316 
  0.409574 
  0.327597 
 -0.488492 
  0.081297 
  0.126507 
 -0.201979 
  0.557532 
 -0.580035 
 -0.068877 
  0.130726 
 -0.183391 
 -0.177561 
  0.128967 
 -0.140902 
 -0.331587 
 -0.041051 
  0.220139 
  0.553009 
  1.156709 
  0.692807 
 -0.209391 
  0.528408 
  0.711766 
  0.547481 
 -0.534903 
  0.119761 
  0.254105 
  0.383457 
  0.102348 
 -0.032248 
 -0.386079 
  0.066707 
  0.153349 
  0.642264 
  0.597889 
  0.367328 
  0.401537 
  0.389159 
  0.120628 
  0.305246 
  0.572724 
  0.277514 
  0.076948 
 -0.447431 
 -0.307656 
  0.029982 
  0.469145 
  0.223257 
  0.075394 
 -0.467504 
 -0.448105 
 -0.879086 
  0.351727 
  0.255689 
  0.578905 
  1.002741 
  0.484616 
  0.068680 
 -0.145256 
 -0.322376 
 -0.356789 
  0.361028 
  0.092296 
  0.096685 
 -0.265433 
 -0.023766 
 -0.051674 
  0.132853 
  0.044972 
 -0.691203 
 -0.464605 
  0.272418 
  0.177709 
  0.413315 
  0.402501 
 -0.168488 
  0.776134 
  0.228341 
 -0.234886 
  0.307594 
 -0.046318 
 -0.089514 
  0.022785 
 -0.222328 
 -0.210276 
 -0.449866 
 -0.138135 
 -0.084713 
 -0.280041 
 -0.141296 
  0.070457 
  0.351647 
 -0.376536 
 -0.608906 
 -0.625496 
 -0.607807 
  0.051229 
  0.798741 
  0.438511 
  0.056765 
 -0.059511 
 -0.223568 
 -0.261799 
  0.536486 
  0.508170 
 -0.098398 
  0.034311 
  0.567245 
  0.240503 
 -0.249763 
  0.071602 
 -0.452854 
 -0.384754 
  0.537226 
 -0.086991 
  0.038617 
 -0.245141 
 -0.100678 
  0.486094 
  0.049112 
 -0.339510 
  0.214125 
 -0.072363 
  0.707098 
  1.626301 
  1.313164 
  0.964089 
  0.187037 
  0.260845 
  0.690967 
  0.468479 
  0.362621 
 -0.474620 
 -0.293728 
  0.257818 
 -0.163122 
  0.233306 
  0.180303 
  0.297330 
  0.368155 
  0.255397 
 -0.303673 
 -0.781832 
 -0.722836 
 -0.700444 
 -0.204024 
 -0.319492 
  0.093814 
 -0.192684 
 -0.164610 
  0.214740 
 -0.040942 
 -0.078859 
 -0.297378 
 -0.908766 
 -0.521276 
 -0.402156 
 -0.216391 
 -0.012236 
  0.076540 
  0.358961 
  0.110742 
  0.151407 
 -0.236281 
 -0.165659 
  0.234017 
  0.247783 
  0.423062 
 -0.340201 
  0.218324 
 -0.075808 
  0.132417 
  0.243707 
  0.294091 
 -0.578988 
 -0.738607 
 -0.031404 
  0.180309 
 -0.583008 
 -0.243631 
 -0.803608 
 -0.301080 
 -0.361366 
  0.342030 
 -0.071597 
 -0.427175 
 -0.556900 
 -0.365832 
 -0.251333 
  0.186451 
  1.044874 
  0.737364 
  0.692760 
  1.370177 
  0.848985 
  0.733848 
  0.625664 
  0.843076 
 -0.209452 
 -0.149570 
 -0.138374 
 -0.358780 
 -0.328075 
 -0.505704 
 -0.561039 
  0.062922 
  0.120286 
  0.640984 
  0.558243 
  0.204025 
  0.340036 
 -0.039105 
 -0.803616 
 -0.881244 
 -1.005850 
 -0.394272 
 -0.692032 
 -0.813110 
 -0.301640 
  0.193273 
  0.599984 
  0.407665 
 -0.005928 
  0.174285 
 -0.048670 
  0.657317 
  0.127747 
  0.187559 
  0.592063 
  0.381793 
 -0.300970 
 -0.720925 
 -0.599714 
 -0.415437 
 -0.230630 
 -0.353068 
 -0.207366 
 -0.171721 
 -0.209021 
  0.023032 
  0.734667 
  0.118983 
  0.420593 
  0.326317 
  0.603454 
 -0.038434 
 -0.260738 
  0.033884 
 -0.232621 
  0.740662 
 -0.097090 
 -0.127133 
  0.051464 
  0.043990 
  0.361300 
  0.356064 
  0.000938 
 -0.562663 
 -0.349062 
 -0.653467 
 -0.874133 
 -0.460932 
 -0.906169 
 -1.127044 
 -0.489895 
 -0.138238 
 -0.151924 
 -0.415245 
 -0.803328 
 -0.521706 
 -0.417728 
 -0.100132 
  0.647542 
  0.355489 
 -0.055899 
 -0.374026 
 -0.302434 
